87 98 8526
8.671175003051758 -17.0817928314209 0.28206389652928054
-16.086040496826172 11.896763801574707 0.22261914258702883
16.96214485168457 -12.602584838867188 0.23977513932921615
-23.483386993408203 22.156286239624023 0.2754387186147614
-7.834218502044678 18.032520294189453 0.29835414953400763
1.2015197277069092 15.232995986938477 0.3211003446360481
-10.904895782470703 14.267925262451172 0.3007573614860849
-6.40740442276001 19.469343185424805 0.37126902147671165
-6.246906280517578 22.20041275024414 0.3243778122353315
-2.0212292671203613 10.63222599029541 0.24475664505001027
-7.6922993659973145 21.897016525268555 0.27221556198955993
-22.62851333618164 25.965782165527344 0.36346286770344993
-11.125282287597656 18.636959075927734 0.27634880511478277
-13.847672462463379 20.920852661132812 0.2701556919738106
-23.390167236328125 11.907588958740234 0.26205087709066227
-7.789238929748535 12.343012809753418 0.321098244447832
-1.7468446493148804 18.750415802001953 0.3322186238238575
-21.363136291503906 16.021137237548828 0.33771375670583675
-24.6868839263916 42.99913787841797 0.3965247342639493
-4.021909236907959 35.25123977661133 0.3281016815468972
-1.1844868659973145 21.819766998291016 0.27817148515713264
-12.816349983215332 8.861255645751953 0.2500355200139983
-11.13537883758545 42.90549087524414 0.3562395841617858
-6.464849472045898 55.049034118652344 0.397638238136748
-26.150644302368164 -74.14260864257812 0.3031673460915852
-11.766579627990723 14.301716804504395 0.2489853679304066
2.7207131385803223 12.382586479187012 0.23171013345849018
-26.064523696899414 23.772037506103516 0.2599742051098166
-29.101215362548828 34.520938873291016 0.3154325788816141
-4.789858818054199 26.236146926879883 0.22531904821330936
-9.639533996582031 31.07555389404297 0.2813795449177705
-16.13273811340332 43.53764343261719 0.36451478883561234
-3.325249433517456 35.278343200683594 0.2953646012020705
-15.004778861999512 34.52601623535156 0.32437072088784197
4.072733402252197 -36.8573112487793 0.22955474601740458
-25.919042587280273 36.24887466430664 0.31130948975685513
6.905345916748047 34.451534271240234 0.27909542139160504
-12.838059425354004 25.014015197753906 0.31889367962140747
-6.865299701690674 33.60853958129883 0.25186258014730944
-23.145700454711914 13.014152526855469 0.2995892297071431
-18.346725463867188 31.71200942993164 0.26113317493352173
-10.815549850463867 36.59261703491211 0.2826994851296468
-12.846206665039062 -49.88013458251953 0.2324763787843013
-22.417095184326172 -79.4815444946289 0.3236746141861503
-14.430570602416992 31.1501407623291 0.2565064583846437
26.521047592163086 -25.654043197631836 0.39736738123692783
32.56649398803711 -19.745027542114258 0.3984064438287221
27.220703125 -19.543621063232422 0.3174726661900191
18.214479446411133 -27.30613899230957 0.2950101047639489
-1.3834190368652344 37.739288330078125 0.26310157440367
-5.245153427124023 5.523662567138672 0.23565126850803594
-15.973794937133789 -46.50849914550781 0.22735870607857367
-10.772978782653809 -44.7723388671875 0.22323662355920132
52.81771469116211 -90.29019165039062 0.35749994496868315
-20.162656784057617 22.48871612548828 0.22845101868857567
31.444547653198242 -50.456539154052734 0.3894453067213986
-24.23386573791504 -67.02809143066406 0.34990649039065275
-22.86405372619629 -75.57234191894531 0.3924612347149857
26.334592819213867 -13.34922981262207 0.2640274254968161
3.1871981620788574 19.416542053222656 0.2967075974474323
15.65361499786377 16.716350555419922 0.39388207719966367
14.226123809814453 -16.95603370666504 0.34917688302895367
19.94886589050293 -41.061279296875 0.3782357677614276
35.516685485839844 -33.005985260009766 0.306861123350441
30.005027770996094 -26.884334564208984 0.23674121534010284
25.4332332611084 -30.267494201660156 0.2713113221785602
-15.1090669631958 38.9134635925293 0.30062939142922773
-8.844088554382324 35.22773742675781 0.25083837449238194
-49.14871597290039 -15.937149047851562 0.292103099870743
20.946144104003906 14.667869567871094 0.26943190638673
-12.926133155822754 -21.468942642211914 0.36661439284111114
32.86475372314453 -44.64830780029297 0.3703409456777707
-29.363170623779297 14.97709846496582 0.2254229612407645
8.287185668945312 -31.273853302001953 0.2531065823098869
-2.154459238052368 17.59440803527832 0.2608898609672588
-45.40309524536133 -16.788419723510742 0.3021673259311078
-26.86818504333496 -19.478675842285156 0.35701377859760247
-3.659740686416626 -13.6322021484375 0.22510236719041213
-29.45878028869629 -13.346214294433594 0.22790661518708868
-6.381442070007324 36.239990234375 0.25264915146590583
14.484481811523438 12.627126693725586 0.22372660436020278
-29.566301345825195 -16.539505004882812 0.2731093249115658
-14.840333938598633 2.9652929306030273 0.2383678535602055
18.897703170776367 -22.537569046020508 0.2634124176897796
-21.42650604248047 -21.931318283081055 0.38775307724790437
33.89555358886719 -9.543855667114258 0.2761531188239025
-19.665037155151367 11.697938919067383 0.32101928286561204
16.828144073486328 18.4443416595459 0.24129180523750693
-24.98518180847168 -13.38314437866211 0.2595644131258531
42.840152740478516 -41.1926155090332 0.3179423661412137
-41.262386322021484 -22.989696502685547 0.3402855470843944
-37.091773986816406 -25.480466842651367 0.3663091226023809
-23.756752014160156 -22.469654083251953 0.348042888636033
10.171459197998047 -55.53985595703125 0.39513270076123636
-42.23390197753906 -14.503776550292969 0.23560385436850786
-16.442909240722656 -22.218475341796875 0.33381115488455315
-12.029583930969238 -59.96950149536133 0.2442152533664471
-45.24152374267578 -20.67699432373047 0.3202755619176831
